# Nodes Rounds Time Sum param -smp enable
1000 1000 688912 1000000
2000 1000 1591692 2000000
3000 1000 2340151 3000000
4000 1000 3664065 4000000
5000 1000 4438907 5000000
6000 1000 5914831 6000000
7000 1000 6821246 7000000
8000 1000 7593371 8000000
9000 1000 9928332 9000000
10000 1000 9210203 10000000
1000 2000 1548026 2000000
2000 2000 3644543 4000000
3000 2000 5088930 6000000
4000 2000 7236237 8000000
5000 2000 8637200 10000000
6000 2000 9723174 12000000
7000 2000 12282947 14000000
8000 2000 14579446 16000000
9000 2000 15786081 18000000
10000 2000 18758365 20000000
1000 3000 2883975 3000000
2000 3000 4971714 6000000
3000 3000 9432172 9000000
4000 3000 10598345 12000000
5000 3000 18417588 15000000
6000 3000 18597616 18000000
7000 3000 21319880 21000000
8000 3000 23647366 24000000
9000 3000 27195011 27000000
10000 3000 28280523 30000000
1000 4000 2937164 4000000
2000 4000 6014318 8000000
3000 4000 10073417 12000000
4000 4000 14563270 16000000
5000 4000 18846559 20000000
6000 4000 22173014 24000000
7000 4000 25048296 28000000
8000 4000 29667007 32000000
9000 4000 32699142 36000000
10000 4000 35848144 40000000
1000 5000 3526805 5000000
2000 5000 7928345 10000000
3000 5000 12169271 15000000
4000 5000 17274423 20000000
5000 5000 22371095 25000000
6000 5000 26615344 30000000
7000 5000 31172050 35000000
8000 5000 35416784 40000000
9000 5000 39563322 45000000
10000 5000 45184403 50000000
1000 6000 4766200 6000000
2000 6000 10586681 12000000
3000 6000 17022065 18000000
4000 6000 22230836 24000000
5000 6000 26750800 30000000
6000 6000 32016889 36000000
7000 6000 35719997 42000000
8000 6000 41261506 48000000
9000 6000 45495702 54000000
10000 6000 51093715 60000000
1000 7000 4867655 7000000
2000 7000 11812919 14000000
3000 7000 16964665 21000000
4000 7000 23414493 28000000
5000 7000 29686960 35000000
6000 7000 35780673 42000000
7000 7000 41550512 49000000
8000 7000 47522623 56000000
9000 7000 53792759 63000000
10000 7000 60267019 70000000
1000 8000 5799830 8000000
2000 8000 12726117 16000000
3000 8000 19880561 24000000
4000 8000 28668838 32000000
5000 8000 35151268 40000000
6000 8000 46946122 48000000
7000 8000 53177636 56000000
8000 8000 60520790 64000000
9000 8000 66441596 72000000
10000 8000 69292408 80000000
1000 9000 7313084 9000000
2000 9000 14818211 18000000
3000 9000 23687876 27000000
4000 9000 36630768 36000000
5000 9000 41150300 45000000
6000 9000 46625752 54000000
7000 9000 57491081 63000000
8000 9000 66583462 72000000
9000 9000 76425490 81000000
10000 9000 81129571 90000000
1000 10000 7858372 10000000
2000 10000 18889375 20000000
3000 10000 26388719 30000000
4000 10000 37738799 40000000
5000 10000 45008746 50000000
6000 10000 56802237 60000000
7000 10000 63965475 70000000
8000 10000 72335205 80000000
9000 10000 84555351 90000000
10000 10000 91611111 100000000
