# Nodes Rounds Time Sum param -smp disable
1000 1000 345944 1000000
2000 1000 746437 2000000
3000 1000 1359901 3000000
4000 1000 1977881 4000000
5000 1000 2690359 5000000
6000 1000 3421537 6000000
7000 1000 3779114 7000000
8000 1000 4311777 8000000
9000 1000 4914544 9000000
10000 1000 5367640 10000000
1000 2000 696706 2000000
2000 2000 1437907 4000000
3000 2000 2596127 6000000
4000 2000 4025160 8000000
5000 2000 5156039 10000000
6000 2000 6209932 12000000
7000 2000 7293022 14000000
8000 2000 8332683 16000000
9000 2000 9685715 18000000
10000 2000 10864719 20000000
1000 3000 1020973 3000000
2000 3000 2160244 6000000
3000 3000 3752614 9000000
4000 3000 5945387 12000000
5000 3000 7847624 15000000
6000 3000 9456506 18000000
7000 3000 11171881 21000000
8000 3000 12683169 24000000
9000 3000 14429701 27000000
10000 3000 15865986 30000000
1000 4000 1427761 4000000
2000 4000 2909612 8000000
3000 4000 5119523 12000000
4000 4000 7819890 16000000
5000 4000 10141211 20000000
6000 4000 12553127 24000000
7000 4000 14732149 28000000
8000 4000 16849108 32000000
9000 4000 18678824 36000000
10000 4000 20971467 40000000
1000 5000 1758214 5000000
2000 5000 3578041 10000000
3000 5000 6426459 15000000
4000 5000 9693114 20000000
5000 5000 13782841 25000000
6000 5000 16215257 30000000
7000 5000 20293828 35000000
8000 5000 21680963 40000000
9000 5000 24501116 45000000
10000 5000 26932245 50000000
1000 6000 2084671 6000000
2000 6000 4279166 12000000
3000 6000 7995777 18000000
4000 6000 12489390 24000000
5000 6000 16717369 30000000
6000 6000 21348906 36000000
7000 6000 23923000 42000000
8000 6000 26028300 48000000
9000 6000 29378367 54000000
10000 6000 33265298 60000000
1000 7000 2385562 7000000
2000 7000 5009183 14000000
3000 7000 9002702 21000000
4000 7000 13735628 28000000
5000 7000 18680623 35000000
6000 7000 24555062 42000000
7000 7000 27185164 49000000
8000 7000 31014200 56000000
9000 7000 33281388 63000000
10000 7000 37090861 70000000
1000 8000 2817150 8000000
2000 8000 5680320 16000000
3000 8000 10272301 24000000
4000 8000 15629836 32000000
5000 8000 20432696 40000000
6000 8000 25476434 48000000
7000 8000 29768988 56000000
8000 8000 34176067 64000000
9000 8000 38909507 72000000
10000 8000 42305063 80000000
1000 9000 3271689 9000000
2000 9000 6969050 18000000
3000 9000 12358637 27000000
4000 9000 17710621 36000000
5000 9000 22861234 45000000
6000 9000 28257089 54000000
7000 9000 33100298 63000000
8000 9000 37959202 72000000
9000 9000 43144272 81000000
10000 9000 47010004 90000000
1000 10000 3431902 10000000
2000 10000 7176842 20000000
3000 10000 12718442 30000000
4000 10000 19918281 40000000
5000 10000 25880521 50000000
6000 10000 31347244 60000000
7000 10000 36515493 70000000
8000 10000 42065334 80000000
9000 10000 46932790 90000000
10000 10000 2250374297 100000000

